NOM	:	10J_1M_4F
NOMBRE_DE_JOBS	:	11
NOMBRE_DE_MACHINES_M	:	1
NOMBRE_DE_MACHINES_F	:	4
NOMBRE_DE_NIVEAUX	:	2
BIG_M : 200
		
DUE_DATE		
		
0	10000	
1	48	
2	409	
3	199	
4	400	
5	391	
6	74	
7	441	
8	370	
9	392	
10	297	
		
PENALITE		
		
0	0	
1	96	
2	67	
3	55	
4	66	
5	71	
6	87	
7	81	
8	73	
9	57	
10	77	

PROCESSING_TIME
NIVEAU_1					
JOBS	
M1				
0	0				
1	5				
2	1				
3	8				
4	5				
5	2				
6	9				
7	3				
8	6				
9	9				
10	7				
NIVEAU_2					
F1					
0	0				
1	5				
2	4				
3	3				
4	4				
5	6				
6	9				
7	7				
8	9				
9	6				
10	7				
F2					
0	0				
1	9				
2	1				
3	6				
4	3				
5	2				
6	9				
7	2				
8	5				
9	8				
10	6				
F3					
0	0				
1	3				
2	6				
3	8				
4	8				
5	4				
6	7				
7	1				
8	9				
9	4				
10	5				
F4					
0	0				
1	6				
2	3				
3	7				
4	6				
5	9				
6	5				
7	9				
8	9				
9	9				
10	2				

SETUP_TIME	
NIVEAU1
M1	
JOB_0	
0	0
1	0
2	0
3	0
4	0
5	0
6	0
7	0
8	0
9	0
10	0

JOB_1	
0	0
1	0
2	10
3	1
4	3
5	10
6	2
7	0
8	7
9	1
10	7
JOB_2	
0	0
1	10
2	0
3	7
4	2
5	9
6	5
7	0
8	7
9	9
10	2
JOB_3	
0	0
1	6
2	4
3	0
4	2
5	6
6	10
7	10
8	1
9	5
10	8
JOB_4	
0	0
1	7
2	3
3	0
4	0
5	7
6	3
7	6
8	1
9	6
10	6
JOB_5	
0	0
1	5
2	8
3	2
4	4
5	0
6	7
7	0
8	4
9	10
10	8
JOB_6	
0	0
1	9
2	5
3	1
4	6
5	2
6	4
7	10
8	2
9	0
10	9
JOB_7	
0	0
1	7
2	5
3	9
4	0
5	6
6	3
7	5
8	6
9	3
10	2
JOB_8	
0	0
1	7
2	4
3	0
4	1
5	10
6	1
7	8
8	6
9	5
10	9
JOB_9	
0	0
1	10
2	1
3	4
4	3
5	2
6	8
7	0
8	1
9	4
10	7
JOB_10	
0	0
1	2
2	1
3	9
4	6
5	1
6	0
7	4
8	2
9	4
10	4

NIVEAU2	

F1	

JOB_0	
0	0
1	0
2	0
3	0
4	0
5	0
6	0
7	0
8	0
9	0
10	0
	
JOB_1	
0	0
1	0
2	10
3	1
4	8
5	9
6	8
7	2
8	10
9	10
10	6
JOB_2	
0	0
1	4
2	0
3	9
4	4
5	5
6	5
7	4
8	5
9	1
10	10
JOB_3	
0	0
1	10
2	4
3	0
4	10
5	2
6	2
7	1
8	1
9	10
10	9
JOB_4	
0	0
1	2
2	5
3	6
4	0
5	4
6	6
7	4
8	0
9	9
10	9
JOB_5	
0	0
1	10
2	8
3	5
4	5
5	0
6	5
7	6
8	2
9	4
10	8
JOB_6	
0	0
1	9
2	6
3	2
4	8
5	6
6	0
7	10
8	4
9	3
10	4
JOB_7	
0	0
1	9
2	6
3	1
4	5
5	1
6	0
7	0
8	6
9	7
10	9
JOB_8	
0	0
1	6
2	9
3	7
4	0
5	6
6	1
7	0
8	0
9	4
10	2
JOB_9	
0	0
1	3
2	0
3	3
4	4
5	4
6	5
7	10
8	2
9	0
10	2
JOB_10	
0	0
1	7
2	6
3	0
4	7
5	10
6	9
7	0
8	8
9	6
10	0
	
F2	

JOB_0	
0	0
1	0
2	0
3	0
4	0
5	0
6	0
7	0
8	0
9	0
10	0

	
JOB_1	
0	0
1	0
2	0
3	5
4	8
5	2
6	8
7	9
8	0
9	3
10	0

JOB_2	
0	0
1	7
2	0
3	2
4	1
5	10
6	4
7	6
8	1
9	5
10	5
JOB_3	
0	0
1	10
2	4
3	7
4	1
5	10
6	10
7	5
8	2
9	5
10	2
JOB_4	
0	0
1	0
2	3
3	1
4	0
5	8
6	6
7	10
8	7
9	6
10	1
JOB_5	
0	0
1	10
2	10
3	2
4	3
5	0
6	0
7	7
8	10
9	1
10	4
JOB_6	
0	0
1	8
2	2
3	3
4	10
5	9
6	0
7	0
8	4
9	7
10	10
JOB_7	
0	0
1	10
2	2
3	4
4	7
5	3
6	1
7	0
8	7
9	7
10	4
JOB_8	
0	0
1	6
2	8
3	3
4	4
5	6
6	8
7	5
8	0
9	3
10	8
JOB_9	
0	0
1	8
2	6
3	6
4	4
5	3
6	6
7	8
8	4
9	0
10	10
JOB_10	
0	0
1	6
2	1
3	6
4	6
5	1
6	10
7	9
8	0
9	2
10	0
	
F3	

JOB_0	
0	0
1	0
2	0
3	0
4	0
5	0
6	0
7	0
8	0
9	0
10	0
	
JOB_1	
0	0
1	0
2	2
3	2
4	3
5	9
6	9
7	1
8	5
9	6
10	5
JOB_2	
0	0
1	4
2	0
3	2
4	3
5	4
6	5
7	3
8	3
9	5
10	5
JOB_3	
0	0
1	6
2	10
3	0
4	5
5	8
6	1
7	8
8	8
9	8
10	1
JOB_4	
0	0
1	8
2	2
3	7
4	0
5	1
6	2
7	2
8	5
9	8
10	0
JOB_5	
0	0
1	6
2	3
3	6
4	4
5	0
6	8
7	8
8	6
9	3
10	2
JOB_6	
0	0
1	8
2	3
3	0
4	5
5	0
6	0
7	3
8	2
9	9
10	10
JOB_7	
0	0
1	10
2	7
3	10
4	5
5	6
6	9
7	0
8	5
9	2
10	2
JOB_8	
0	0
1	9
2	10
3	5
4	1
5	2
6	10
7	7
8	0
9	10
10	3
JOB_9	
0	0
1	0
2	4
3	8
4	1
5	1
6	4
7	3
8	3
9	0
10	6
JOB_10	
0	0
1	2
2	7
3	7
4	1
5	5
6	1
7	4
8	5
9	7
10	0
	
F4	
	
JOB_0	
0	0
1	0
2	0
3	0
4	0
5	0
6	0
7	0
8	0
9	0
10	0

JOB_1	
0	0
1	0
2	0
3	10
4	6
5	10
6	5
7	4
8	2
9	8
10	0
JOB_2	
0	0
1	7
2	0
3	10
4	3
5	8
6	8
7	4
8	10
9	6
10	6
JOB_3	
0	0
1	10
2	1
3	0
4	5
5	1
6	6
7	10
8	6
9	8
10	10
JOB_4	
0	0
1	2
2	9
3	5
4	0
5	3
6	10
7	4
8	5
9	0
10	4
JOB_5	
0	0
1	6
2	10
3	8
4	4
5	0
6	10
7	1
8	4
9	8
10	7
JOB_6	
0	0
1	7
2	6
3	10
4	3
5	6
6	0
7	5
8	2
9	1
10	6
JOB_7	
0	0
1	9
2	7
3	7
4	7
5	1
6	5
7	0
8	1
9	7
10	8
JOB_8	
0	0
1	7
2	0
3	10
4	3
5	2
6	0
7	4
8	0
9	4
10	5
JOB_9	
0	0
1	3
2	5
3	6
4	6
5	7
6	7
7	9
8	4
9	0
10	3
JOB_10	
0	0
1	0
2	4
3	10
4	1
5	7
6	3
7	3
8	8
9	3
10	0













